arr <- c(11, 12, 13, 14, 15)
arr[3] <- 87 # å°‡ 13 æ›´æ›ç‚º 87
arr