arr <- c(11, 12, 13, 14, 15)
arr <- arr[-3] # 刪除位於索引值 3 的 13
arr