arr <- c(11, 12, 13, 14, 15)
is_even <- arr %% 2 == 0
is_even
arr[is_even]